chla_beag
        Date day month year  site reps   variable   value avg_blank    cuvette filter_vol
1 2018-05-17  17     5 2018 blank    1      blank    0.51     0.505   0.000887         10
2 2018-05-17  17     5 2018 blank    2      blank    0.50     0.505  -0.000887         10
3 2018-05-17  17     5 2018     5    1   chla_rfu 3939.80     0.505 698.830933         10
4 2018-05-17  17     5 2018     5    2   chla_rfu 4627.81     0.505 820.883907         10
5 2018-05-17  17     5 2018     5    3   chla_rfu 4071.79     0.505 722.245959         10
6 2018-05-17  17     5 2018     5    1 filter_vol   10.00     0.505   1.684413         10
  concentration
1      0.000887
2     -0.000887
3    698.830933
4    820.883907
5    722.245959
6      1.684413
> phyco_beag
        Date day month year  site reps   variable   value avg_blank     cuvette filter_vol
1 2018-06-06   6     6 2018 blank    1      blank  513.89    515.17   -1.190784         10
2 2018-06-06   6     6 2018 blank    2      blank  516.45    515.17    1.190784         10
3 2018-06-06   6     6 2018     1    1      phyco 1777.03    515.17 1173.908358         10
4 2018-06-06   6     6 2018     1    2      phyco 1778.72    515.17 1175.480565         10
5 2018-06-06   6     6 2018     1    3      phyco 1877.90    515.17 1267.747719         10
6 2018-06-06   6     6 2018     1    1 filter_vol   10.00    515.17 -469.959651         10
  concentration
1     -1.190784
2      1.190784
3   1173.908358
4   1175.480565
5   1267.747719
6   -469.959651